0.0 1.0
0.1 1.4554
0.2 1.90178308
0.30000000000000004 2.3393277750159998
0.4 2.768209085070683
0.5 3.1885985451862835
0.6000000000000001 3.600664293991595
0.7000000000000001 4.004571140970562
0.8 4.400480632379344
0.9 4.788551115858233
1.0 5.168937803764241
1.1 5.541792835249709
1.2000000000000002 5.907265337111764
1.3 6.265501483436951
1.4000000000000001 6.6166445540649
1.5 6.960834991894415
1.6 7.298210459054905
1.7000000000000002 7.628905891965618
1.8 7.953053555304699
1.9000000000000001 8.270783094909666
2.0 8.582221589630453
2.1 8.88749360215577
2.2 9.186721228833086
2.3000000000000003 9.48002414850219
2.4000000000000004 9.767519670361846
2.5 10.049322780888682
2.6 10.325546189827087
2.7 10.59630037526851
2.8000000000000003 10.861693627838195
2.9000000000000004 11.121832094006999
3.0 11.37681981854566
3.1 11.626758786138456
3.2 11.871748962172914
3.3000000000000003 12.11188833272189
3.4000000000000004 12.347272943733996
3.5 12.577996939448063
3.6 12.804152600046992
3.7 13.025830378566061
3.8000000000000003 13.243118937070452
3.9000000000000004 13.456105182116458
4.0 13.664874299510553
4.1000000000000005 13.869509788380244
4.2 14.070093494570315
4.3 14.266705643377824
4.4 14.459424871638943
4.5 14.648328259180492
4.6000000000000005 14.833491359648718
4.7 15.014988230727674
4.800000000000001 15.192891463759267
4.9 15.367272212776834
5.0 15.538200222963853
5.1000000000000005 15.70574385854917
5.2 15.869970130149897
5.300000000000001 16.03094472157293
5.4 16.188732016085787
5.5 16.343395122167287
5.6000000000000005 16.494995898748375
5.7 16.643594979953157
5.800000000000001 16.789251799350083
5.9 16.93202461372295
6.0 17.07197052637124
6.1000000000000005 17.20914550994909
6.2 17.343604428852096
6.300000000000001 17.475401061160824
6.4 17.604588120149838
6.5 17.73121727537087
6.6000000000000005 17.855339173318526
6.7 17.97700345768682
6.800000000000001 18.09625878922462
6.9 18.213152865197973
7.0 18.327732438467052
7.1000000000000005 18.440043336185404
7.2 18.550130478128935
7.300000000000001 18.65803789466198
7.4 18.763808744347674
7.5 18.86748533120959
7.6000000000000005 18.96910912165164
7.7 19.06872076104294
7.800000000000001 19.16636008997429
7.9 19.2620661601928
8.0 19.35587725022098
8.1 19.447830880666604
8.200000000000001 19.537963829229405
8.3 19.62631214541066
8.4 19.71291116493153
8.5 19.797795523865886
8.6 19.880999172493343
8.700000000000001 19.962555388877973
8.8 20.042496792178188
8.9 20.12085535569306
9.0 20.19766241965034
9.1 20.27294870374126
9.200000000000001 20.346744319407183
9.3 20.41907878188292
9.4 20.48998102200164
9.5 20.559479397766008
9.600000000000001 20.627601705690243
9.700000000000001 20.694375191917576
9.8 20.75982656311761
9.9 20.82398199716788
10.0 20.886867153623957
10.100000000000001 20.9485071839822
10.200000000000001 21.008926741739355
10.3 21.068149992252916
10.4 21.12620062240631
10.5 21.183101850082664
10.600000000000001 21.23887643345103
10.700000000000001 21.293546680068697
10.8 21.34713445580334
10.9 21.39966119357843
11.0 21.45114790194558
11.100000000000001 21.501615173487057
11.200000000000001 21.551083193052012
11.3 21.599571745829582
11.4 21.647100225262157
11.5 21.693687640801965
11.600000000000001 21.739352625514087
11.700000000000001 21.78411344352891
11.8 21.827987997347037
11.9 21.870993834999567
12.0 21.913148157066576
12.100000000000001 21.95446782355666
12.200000000000001 21.994969360650238
12.3 22.03466896730936
12.4 22.073582521756634
12.5 22.111725587825852
12.600000000000001 22.1491134211869
12.700000000000001 22.1857609754474
12.8 22.22168290813354
12.9 22.256893586552497
13.0 22.29140709353876
13.100000000000001 22.325237233086693
13.200000000000001 22.358397535871575
13.3 22.390901264661316
13.4 22.422761419621022
13.5 22.453990743512527
13.600000000000001 22.48460172679098
13.700000000000001 22.51460661260052
13.8 22.54401740167103
13.9 22.572845857117944
14.0 22.60110350914701
14.100000000000001 22.6288016596659
14.200000000000001 22.655951386804514
14.3 22.682563549345783
14.4 22.708648791068736
14.5 22.734217545005574
14.600000000000001 22.759280037614463
14.700000000000001 22.783846292869697
14.8 22.807926136270876
14.9 22.831529198772714
15.0 22.854664920637013
15.100000000000001 22.8773425552084
15.200000000000001 22.899571172615275
15.3 22.921359663397492
15.4 22.94271674206222
15.5 22.963650950569388
15.600000000000001 22.984170661748113
15.700000000000001 23.0042840826455
15.8 23.02399925780912
15.9 23.0433240725045
16.0 23.062266255868913
16.1 23.08083338400271
16.2 23.099032882999456
16.3 23.116872031916067
16.400000000000002 23.134357965684128
16.5 23.151497677963583
16.6 23.168298023939904
16.7 23.184765723065894
16.8 23.200907361749188
16.900000000000002 23.216729395986555
17.0 23.23223815394602
17.1 23.24743983849789
17.2 23.26234052969563
17.3 23.276946187207656
17.400000000000002 23.291262652700944
17.5 23.305295652177463
17.6 23.31905079826435
17.7 23.332533592458716
17.8 23.345749427328034
17.900000000000002 23.358703588666938
18.0 23.371401257611332
18.1 23.383847512710627
18.2 23.396047331958957
18.3 23.40800559478617
18.400000000000002 23.419727084009406
18.5 23.43121648774602
18.6 23.44247840128865
18.7 23.453517328943136
18.8 23.46433768583006
18.900000000000002 23.474943799650624
19.0 23.48533991241754
19.1 23.495530182151672
19.200000000000003 23.50551868454507
19.3 23.515309414591076
19.400000000000002 23.524906288182173
19.5 23.534313143676165
19.6 23.54353374343138
19.700000000000003 23.55257177531144
19.8 23.56143085416027
19.900000000000002 23.5701145232479
20.0 23.578626255687592
20.1 23.586969455824978
20.200000000000003 23.595147460599645
20.3 23.603163540879773
20.400000000000002 23.611020902770353
20.5 23.6187226888955
20.6 23.626271979655368
20.700000000000003 23.63367179445819
20.8 23.64092509292792
20.900000000000002 23.648034776087947
21.0 23.655003687521404
21.1 23.66183461450848
21.200000000000003 23.66853028914121
21.3 23.67509338941621
21.400000000000002 23.68152654030577
21.5 23.687832314807718
21.6 23.694013234974523
21.700000000000003 23.700071772922026
21.8 23.70601035181817
21.900000000000002 23.71183134685217
22.0 23.717537086184496
22.1 23.723129851878042
22.200000000000003 23.728611880810856
22.3 23.733985365570803
22.400000000000002 23.7392524553325
22.5 23.744415256716916
22.6 23.74947583463392
22.700000000000003 23.754436213108168
22.8 23.759298376088626
22.900000000000002 23.76406426824207
23.0 23.768735795730876
23.1 23.773314826975405
23.200000000000003 23.77780319340129
23.3 23.782202690171946
23.400000000000002 23.786515076906543
23.5 23.790742078383794
23.6 23.794885385231794
23.700000000000003 23.798946654604205
23.8 23.80292751084304
23.900000000000002 23.80682954612835
24.0 23.810654321115006
24.1 23.814403365556927
24.200000000000003 23.8180781789189
24.3 23.821680230976305
24.400000000000002 23.825210962402974
24.5 23.828671785347396
24.6 23.83206408399752
24.700000000000003 23.835389215134366
24.8 23.838648508674705
24.900000000000002 23.841843268202947
25.0 23.844974771492527
25.1 23.848044271016974
25.200000000000003 23.85105299445084
25.3 23.854002145160713
25.400000000000002 23.856892902686532
25.5 23.85972642321334
25.6 23.862503840033714
25.700000000000003 23.865226264001045
25.8 23.867894783973824
25.900000000000002 23.870510467251144
26.0 23.87307435999957
26.1 23.87558748767158
26.200000000000003 23.878050855415683
26.3 23.880465448478454
26.400000000000002 23.88283223259858
26.5 23.88515215439313
26.6 23.887426141736146
26.700000000000003 23.88965510412977
26.8 23.891839933068
26.900000000000002 23.893981502393252
27.0 23.896080668645865
27.1 23.898138271406676
27.200000000000003 23.900155133632826
27.3 23.902132061986897
27.400000000000002 23.90406984715956
27.5 23.9059692641858
27.6 23.90783107275492
27.700000000000003 23.909656017514372
27.8 23.91144482836759
27.900000000000002 23.91319822076591
28.0 23.914916895994747
28.1 23.91660154145405
28.200000000000003 23.91825283093326
28.3 23.91987142488078
28.400000000000002 23.921457970668143
28.5 23.923013102848913
28.6 23.924537443412504
28.700000000000003 23.926031602032936
28.8 23.927496176312683
28.900000000000002 23.928931752021693
29.0 23.930338903331663
29.1 23.931718193045697
29.200000000000003 23.933070172823392
29.3 23.93439538340149
29.400000000000002 23.935694354810142
29.5 23.9369676065849
29.6 23.93821564797452
29.700000000000003 23.939438978144626
29.8 23.940638086377362
29.900000000000002 23.94181345226709
30.0 23.9429655459122
30.1 23.94409482810314
30.200000000000003 23.945201750506698
30.3 23.946286755846664
30.400000000000002 23.9473502780809
30.5 23.9483927425749
30.6 23.949414566271916
30.700000000000003 23.95041615785973
30.8 23.95139791793411
30.900000000000002 23.952360239159013
31.0 23.953303506423666
31.1 23.954228096996477
31.200000000000003 23.955134380675947
31.3 23.956022719938563
31.400000000000002 23.95689347008378
31.5 23.95774697937612
31.6 23.958583589184475
31.700000000000003 23.959403634118623
31.8 23.960207442163075
31.900000000000002 23.960995334808246
32.0 23.961767627179043
32.1 23.9625246281609
32.2 23.963266640523315
32.300000000000004 23.963993961040952
32.4 23.96470688061234
32.5 23.965405684376215
32.6 23.966090651825567
32.7 23.96676205691942
32.800000000000004 23.967420168192415
32.9 23.968065248862207
33.0 23.968697556934735
33.1 23.969317345307427
33.2 23.96992486187034
33.300000000000004 23.970520349605305
33.4 23.97110404668312
33.5 23.971676186558796
33.6 23.972236998064933
33.7 23.972786705503246
33.800000000000004 23.973325528734282
33.9 23.973853683265343
34.0 23.974371380336688
34.1 23.974878827006023
34.2 23.975376226231305
34.300000000000004 23.975863776951925
34.4 23.976341674168278
34.5 23.976810109019745
34.6 23.977269268861154
34.7 23.977719337337703
34.800000000000004 23.978160494458418
34.9 23.97859291666814
35.0 23.97901677691811
35.1 23.979432244735133
35.2 23.97983948628938
35.300000000000004 23.98023866446085
35.4 23.980629938904524
35.5 23.981013466114216
35.6 23.981389399485156
35.7 23.98175788937535
35.800000000000004 23.982119083165717
35.9 23.982473125319036
36.0 23.982820157437718
36.1 23.98316031832045
36.2 23.983493744017707
36.300000000000004 23.983820567886156
36.4 23.98414092064201
36.5 23.984454930413296
36.6 23.984762722791114
36.7 23.98506442087985
36.800000000000004 23.98536014534643
36.9 23.985650014468572
37.0 23.985934144182092
37.1 23.986212648127285
37.2 23.986485637694365
37.300000000000004 23.986753222068018
37.4 23.98701550827107
37.5 23.987272601207305
37.6 23.9875246037034
37.7 23.98777161655007
37.800000000000004 23.988013738542378
37.9 23.98825106651924
38.0 23.98848369540216
38.1 23.988711718233198
38.2 23.98893522621218
38.300000000000004 23.98915430873318
38.400000000000006 23.989369053420262
38.5 23.989579546162542
38.6 23.989785871148523
38.7 23.989988110899784
38.800000000000004 23.990186346303968
38.900000000000006 23.99038065664715
39.0 23.990571119645537
39.1 23.990757811476556
39.2 23.99094080680932
39.300000000000004 23.991120178834496
39.400000000000006 23.991295999293573
39.5 23.99146833850756
39.6 23.99163726540511
39.7 23.99180284755009
39.800000000000004 23.9919651511686
39.900000000000006 23.99212424117546
40.0 23.992280181200186
40.1 23.99243303361242
40.2 23.992582859546896
40.300000000000004 23.99272971892787
40.400000000000006 23.992873670493097
40.5 23.993014771817332
40.6 23.99315307933535
40.7 23.993288648364512
40.800000000000004 23.993421533126895
40.900000000000006 23.993551786770983
41.0 23.99367946139292
41.1 23.99380460805734
41.2 23.993927276817804
41.300000000000004 23.99404751673681
41.400000000000006 23.99416537590542
41.5 23.994280901462496
41.6 23.994394139613537
41.7 23.994505135649188
41.800000000000004 23.994613933963333
41.900000000000006 23.994720578070858
42.0 23.994825110625055
42.1 23.99492757343468
42.2 23.995028007480673
42.300000000000004 23.995126452932556
42.400000000000006 23.995222949164493
42.5 23.995317534771036
42.6 23.99541024758257
42.7 23.995501124680434
42.800000000000004 23.995590202411762
42.900000000000006 23.995677516404008
43.0 23.995763101579207
43.1 23.99584699216794
43.2 23.995929221723017
43.300000000000004 23.9960098231329
43.400000000000006 23.99608882863487
43.5 23.9961662698279
43.6 23.996242177685307
43.7 23.99631658256714
43.800000000000004 23.99638951423231
43.900000000000006 23.99646100185051
44.0 23.99653107401387
44.1 23.996599758748395
44.2 23.99666708352518
44.300000000000004 23.99673307527138
44.400000000000006 23.996797760381007
44.5 23.996861164725463
44.6 23.9969233136639
44.7 23.996984232053354
44.800000000000004 23.997043944258696
44.900000000000006 23.997102474162375
45.0 23.99715984517396
45.1 23.997216080239518
45.2 23.997271201850776
45.300000000000004 23.99732523205413
45.400000000000006 23.997378192459458
45.5 23.99743010424876
45.6 23.997480988184634
45.7 23.99753086461858
45.800000000000004 23.99757975349913
45.900000000000006 23.99762767437985
46.0 23.99767464642713
46.1 23.997720688427872
46.2 23.997765818797
46.300000000000004 23.997810055584818
46.400000000000006 23.99785341648424
46.5 23.997895918837852
46.6 23.997937579644862
46.7 23.997978415567893
46.800000000000004 23.99801844293965
46.900000000000006 23.998057677769445
47.0 23.99809613574961
47.1 23.998133832261768
47.2 23.998170782382985
47.300000000000004 23.998207000891803
47.400000000000006 23.998242502274145
47.5 23.998277300729118
47.6 23.998311410174683
47.7 23.998344844253225
47.800000000000004 23.99837761633701
47.900000000000006 23.998409739533535
48.0 23.998441226690773
48.1 23.998472090402295
48.2 23.99850234301233
48.300000000000004 23.998531996620684
48.400000000000006 23.998561063087596
48.5 23.99858955403846
48.6 23.9986174808685
48.7 23.998644854747305
48.800000000000004 23.998671686623307
48.900000000000006 23.998697987228166
49.0 23.99872376708105
49.1 23.998749036492846
49.2 23.998773805570288
49.300000000000004 23.998798084219995
49.400000000000006 23.998821882152438
49.5 23.998845208885818
49.6 23.99886807374988
49.7 23.998890485889632
49.800000000000004 23.998912454269018
49.900000000000006 23.99893398767449
50.0 23.998955094718536
50.1 23.998975783843107
50.2 23.998996063323013
50.300000000000004 23.999015941269217
50.400000000000006 23.999035425632087
50.5 23.99905452420457
50.6 23.99907324462532
50.7 23.99909159438174
50.800000000000004 23.99910958081298
50.900000000000006 23.999127211112885
51.0 23.99914449233285
